1	0	1	0
1	0	1	0
1	0	1	0
1	0	1	0
1	0	1	0
1	0	1	0
1	0	1	0
1	0	1	0
1	0	1	0
1	0	1	0
1	0	1	0
1	0	1	0
1	0	1	0
1	0	1	0
1	0	1	0
1	0	1	0
1	0	1	0
1	0	1	0
1	0	1	0
1	0	1	0
1	0	1	0
1	0	1	0
1	0	1	0
1	0	1	0
1	0	1	0
1	0	1	0
1	0	1	0
1	0	1	0
1	0	1	0
1	0	1	0
1	0	1	0
1	0	1	0
3.518185219	12.05696765	4.881814272	-400.8488902
3.494534341	15.42380136	4.911520929	-320.7103787
3.455546988	16.87019101	4.818640186	-372.7801315
3.409507393	-2.411050439	5.042777052	-174.6141624
3.64928407	8.2027889	4.917545273	-403.0505823
3.624058788	11.09208248	4.910113965	-319.5452935
3.591608219	16.25048887	4.821620006	-375.3029741
3.559521289	-4.787804713	5.066857458	-177.9529131
3.642133478	6.767534716	4.882723408	-404.7389647
3.633464375	13.22687711	4.932034007	-323.4506093
3.604881087	14.2791296	4.862686804	-378.4012652
3.54343706	5.318236047	5.064042242	-178.9315023
3.33279205	2.030916798	4.884083649	-402.2923949
3.353365804	7.192094174	4.935076554	-323.5809819
3.343014283	6.149524015	4.81728145	-374.4388975
3.319701884	5.943581567	5.043933505	-181.330877
3.370921631	19.6094495	4.874715588	-431.0045107
3.378790406	13.20826221	4.998844118	-296.5332172
3.371458635	9.31118848	4.796953825	-343.3164597
3.340749366	17.41978186	5.00665727	-347.5330832
3.413458662	12.59185226	4.91638237	-436.7747306
3.403080021	11.42193065	4.997148181	-294.7059599
3.392155147	8.91701569	4.795484436	-340.5495277
3.365832994	11.83976349	5.031236221	-351.2414221
3.554148843	21.17638486	4.872256509	-427.7054413
3.578898484	9.106019199	5.021084291	-297.2641106
3.577268193	11.48932333	4.842175959	-346.1538195
3.53253565	16.45344266	5.026208102	-347.9014744
3.376826063	17.1274241	4.876141596	-432.2592082
3.397707137	9.484303571	5.020788735	-298.887
3.382755468	11.89515353	4.795506513	-343.6697477
3.354753957	17.88536883	5.006913281	-347.6976555
1	0	1	0
1	0	1	0
1	0	1	0
1	0	1	0
1	0	1	0
1	0	1	0
1	0	1	0
1	0	1	0
1	0	1	0
1	0	1	0
1	0	1	0
1	0	1	0
1	0	1	0
1	0	1	0
1	0	1	0
1	0	1	0
1	0	1	0
1	0	1	0
1	0	1	0
1	0	1	0
1	0	1	0
1	0	1	0
1	0	1	0
1	0	1	0
1	0	1	0
1	0	1	0
1	0	1	0
1	0	1	0
1	0	1	0
1	0	1	0
1	0	1	0
1	0	1	0
1	0	1	0
1	0	1	0
1	0	1	0
1	0	1	0
1	0	1	0
1	0	1	0
1	0	1	0
1	0	1	0
1	0	1	0
1	0	1	0
1	0	1	0
1	0	1	0
1	0	1	0
1	0	1	0
1	0	1	0
1	0	1	0
1	0	1	0
1	0	1	0
1	0	1	0
1	0	1	0
1	0	1	0
1	0	1	0
1	0	1	0
1	0	1	0
1	0	1	0
1	0	1	0
1	0	1	0
1	0	1	0
1	0	1	0
1	0	1	0
1	0	1	0
1	0	1	0
3.226630742	18.2559885	4.766540241	40.78408915
3.250079772	7.950903254	4.812682183	9.689961699
3.250118374	8.249718302	4.896958265	24.54162236
3.235741399	8.004504976	4.888719427	13.60113663
3.307528882	22.18152841	4.818235582	23.42998063
3.323058104	11.60055745	4.811703412	14.25242358
3.321827674	12.38937325	4.90040721	22.78793531
3.304295575	22.31231833	4.911097743	13.50590638
3.322343714	21.75292529	4.783777737	18.2797682
3.356151168	14.57017357	4.828197005	17.83614759
3.363238191	9.244212787	4.941525874	26.54178767
3.32986489	18.7339221	4.90847532	14.37780343
3.272338602	14.65483058	4.787306162	21.71332208
3.301384705	13.3622065	4.830885794	18.84180292
3.294806259	13.17931512	4.90174101	23.11753161
3.277170389	14.42093072	4.894157407	13.51745319
3.115668304	14.11839725	4.848507445	5.803911431
3.135627279	11.44693156	4.553055174	12.21771144
3.13544514	14.78275184	4.854613235	8.413573387
3.119106819	13.17223501	4.967688185	-4.054116575
3.246619019	8.085156743	4.894865088	9.844710854
3.247793366	8.042156807	4.55144929	19.7452092
3.242774754	16.19857838	4.856379293	13.04093998
3.225238737	19.98884738	4.989991033	5.225356247
3.347542957	35.68476478	4.848850214	16.89797053
3.384289482	26.69913181	4.575124309	24.72291967
3.39623003	21.27794921	4.907733574	15.79381422
3.357433187	30.92651621	4.988778948	8.451591385
3.433880933	23.70065925	4.846248672	18.27383904
3.461256633	27.21697234	4.572255621	25.45711248
3.453704046	22.85653389	4.851215572	19.56059656
3.430271935	25.03978089	4.963128865	11.21106972
3.378072881	44.05533546	5.13445055	40.2561736
3.405492137	31.34540444	4.888513678	34.22398145
3.420862994	15.80801549	4.87927529	29.70497247
3.407562323	22.0551777	4.836904095	33.90910133
3.4144508	59.86133063	5.162105719	56.09389464
3.430460869	44.23172299	4.889355833	45.95330433
3.431789637	38.69618919	4.875570768	41.95173316
3.437276023	22.7545453	4.892366774	34.81857046
3.360618058	88.86379722	5.146425229	93.91809166
3.403279887	64.47376008	4.942441741	63.54982673
3.403988572	49.34200535	4.899805715	53.12046848
3.373806015	51.18545377	4.836894537	42.93803142
3.371467444	111.638256	5.117344038	124.0242787
3.389200509	96.13398038	4.872713905	95.52054929
3.416011654	66.24892102	4.891521584	74.39868881
3.396352424	51.07850181	4.833771962	51.01347464
1	0	1	0
1	0	1	0
1	0	1	0
1	0	1	0
1	0	1	0
1	0	1	0
1	0	1	0
1	0	1	0
1	0	1	0
1	0	1	0
1	0	1	0
1	0	1	0
1	0	1	0
1	0	1	0
1	0	1	0
1	0	1	0
